00000000000000080000000000000000000000000000000000000000000000000000000000000000000000000000000000000000000000000000000000008030
00000000000000080000000000000000000000000000000000000000000000000000000000000000000000000000000000000000000000000000000000008031
00000000000000080000000000000000000000000000000000000000000000000000000000000000000000000000000000000000000000000000000000008032
00000000000000080000000000000000000000000000000000000000000000000000000000000000000000000000000000000000000000000000000000008033
00000000000000080000000000000000000000000000000000000000000000000000000000000000000000000000000000000000000000000000000000008034
00000000000000080000000000000000000000000000000000000000000000000000000000000000000000000000000000000000000000000000000000008035
00000000000000080000000000000000000000000000000000000000000000000000000000000000000000000000000000000000000000000000000000008036
00000000000000080000000000000000000000000000000000000000000000000000000000000000000000000000000000000000000000000000000000008037
00000000000000080000000000000000000000000000000000000000000000000000000000000000000000000000000000000000000000000000000000008038
00000000000000080000000000000000000000000000000000000000000000000000000000000000000000000000000000000000000000000000000000008039
00000000000000100000000000000000000000000000000000000000000000000000000000000000000000000000000000000000000000000000000000803031
00000000000000100000000000000000000000000000000000000000000000000000000000000000000000000000000000000000000000000000000000803131
00000000000000100000000000000000000000000000000000000000000000000000000000000000000000000000000000000000000000000000000000803231
00000000000000100000000000000000000000000000000000000000000000000000000000000000000000000000000000000000000000000000000000803331
00000000000000100000000000000000000000000000000000000000000000000000000000000000000000000000000000000000000000000000000000803431
00000000000000100000000000000000000000000000000000000000000000000000000000000000000000000000000000000000000000000000000000803531
00000000000000100000000000000000000000000000000000000000000000000000000000000000000000000000000000000000000000000000000000803631
00000000000000100000000000000000000000000000000000000000000000000000000000000000000000000000000000000000000000000000000000803731
00000000000000100000000000000000000000000000000000000000000000000000000000000000000000000000000000000000000000000000000000803831
00000000000000100000000000000000000000000000000000000000000000000000000000000000000000000000000000000000000000000000000000803931
00000000000000100000000000000000000000000000000000000000000000000000000000000000000000000000000000000000000000000000000000803032
00000000000000100000000000000000000000000000000000000000000000000000000000000000000000000000000000000000000000000000000000803132
00000000000000100000000000000000000000000000000000000000000000000000000000000000000000000000000000000000000000000000000000803232
00000000000000100000000000000000000000000000000000000000000000000000000000000000000000000000000000000000000000000000000000803332
00000000000000100000000000000000000000000000000000000000000000000000000000000000000000000000000000000000000000000000000000803432
00000000000000100000000000000000000000000000000000000000000000000000000000000000000000000000000000000000000000000000000000803532
00000000000000100000000000000000000000000000000000000000000000000000000000000000000000000000000000000000000000000000000000803632
00000000000000100000000000000000000000000000000000000000000000000000000000000000000000000000000000000000000000000000000000803732
00000000000000100000000000000000000000000000000000000000000000000000000000000000000000000000000000000000000000000000000000803832
00000000000000100000000000000000000000000000000000000000000000000000000000000000000000000000000000000000000000000000000000803932
00000000000000100000000000000000000000000000000000000000000000000000000000000000000000000000000000000000000000000000000000803033
00000000000000100000000000000000000000000000000000000000000000000000000000000000000000000000000000000000000000000000000000803133
00000000000000100000000000000000000000000000000000000000000000000000000000000000000000000000000000000000000000000000000000803233
00000000000000100000000000000000000000000000000000000000000000000000000000000000000000000000000000000000000000000000000000803333
00000000000000100000000000000000000000000000000000000000000000000000000000000000000000000000000000000000000000000000000000803433
00000000000000100000000000000000000000000000000000000000000000000000000000000000000000000000000000000000000000000000000000803533
00000000000000100000000000000000000000000000000000000000000000000000000000000000000000000000000000000000000000000000000000803633
00000000000000100000000000000000000000000000000000000000000000000000000000000000000000000000000000000000000000000000000000803733
00000000000000100000000000000000000000000000000000000000000000000000000000000000000000000000000000000000000000000000000000803833
00000000000000100000000000000000000000000000000000000000000000000000000000000000000000000000000000000000000000000000000000803933
00000000000000100000000000000000000000000000000000000000000000000000000000000000000000000000000000000000000000000000000000803034
00000000000000100000000000000000000000000000000000000000000000000000000000000000000000000000000000000000000000000000000000803134
00000000000000100000000000000000000000000000000000000000000000000000000000000000000000000000000000000000000000000000000000803234
00000000000000100000000000000000000000000000000000000000000000000000000000000000000000000000000000000000000000000000000000803334
00000000000000100000000000000000000000000000000000000000000000000000000000000000000000000000000000000000000000000000000000803434
00000000000000100000000000000000000000000000000000000000000000000000000000000000000000000000000000000000000000000000000000803534
00000000000000100000000000000000000000000000000000000000000000000000000000000000000000000000000000000000000000000000000000803634
00000000000000100000000000000000000000000000000000000000000000000000000000000000000000000000000000000000000000000000000000803734
00000000000000100000000000000000000000000000000000000000000000000000000000000000000000000000000000000000000000000000000000803834
00000000000000100000000000000000000000000000000000000000000000000000000000000000000000000000000000000000000000000000000000803934
00000000000000100000000000000000000000000000000000000000000000000000000000000000000000000000000000000000000000000000000000803035
00000000000000100000000000000000000000000000000000000000000000000000000000000000000000000000000000000000000000000000000000803135
00000000000000100000000000000000000000000000000000000000000000000000000000000000000000000000000000000000000000000000000000803235
00000000000000100000000000000000000000000000000000000000000000000000000000000000000000000000000000000000000000000000000000803335
00000000000000100000000000000000000000000000000000000000000000000000000000000000000000000000000000000000000000000000000000803435
00000000000000100000000000000000000000000000000000000000000000000000000000000000000000000000000000000000000000000000000000803535
00000000000000100000000000000000000000000000000000000000000000000000000000000000000000000000000000000000000000000000000000803635
00000000000000100000000000000000000000000000000000000000000000000000000000000000000000000000000000000000000000000000000000803735
00000000000000100000000000000000000000000000000000000000000000000000000000000000000000000000000000000000000000000000000000803835
00000000000000100000000000000000000000000000000000000000000000000000000000000000000000000000000000000000000000000000000000803935
00000000000000100000000000000000000000000000000000000000000000000000000000000000000000000000000000000000000000000000000000803036
00000000000000100000000000000000000000000000000000000000000000000000000000000000000000000000000000000000000000000000000000803136
00000000000000100000000000000000000000000000000000000000000000000000000000000000000000000000000000000000000000000000000000803236
00000000000000100000000000000000000000000000000000000000000000000000000000000000000000000000000000000000000000000000000000803336
00000000000000100000000000000000000000000000000000000000000000000000000000000000000000000000000000000000000000000000000000803436
00000000000000100000000000000000000000000000000000000000000000000000000000000000000000000000000000000000000000000000000000803536
00000000000000100000000000000000000000000000000000000000000000000000000000000000000000000000000000000000000000000000000000803636
00000000000000100000000000000000000000000000000000000000000000000000000000000000000000000000000000000000000000000000000000803736
00000000000000100000000000000000000000000000000000000000000000000000000000000000000000000000000000000000000000000000000000803836
00000000000000100000000000000000000000000000000000000000000000000000000000000000000000000000000000000000000000000000000000803936
00000000000000100000000000000000000000000000000000000000000000000000000000000000000000000000000000000000000000000000000000803037
00000000000000100000000000000000000000000000000000000000000000000000000000000000000000000000000000000000000000000000000000803137
00000000000000100000000000000000000000000000000000000000000000000000000000000000000000000000000000000000000000000000000000803237
00000000000000100000000000000000000000000000000000000000000000000000000000000000000000000000000000000000000000000000000000803337
00000000000000100000000000000000000000000000000000000000000000000000000000000000000000000000000000000000000000000000000000803437
00000000000000100000000000000000000000000000000000000000000000000000000000000000000000000000000000000000000000000000000000803537
00000000000000100000000000000000000000000000000000000000000000000000000000000000000000000000000000000000000000000000000000803637
00000000000000100000000000000000000000000000000000000000000000000000000000000000000000000000000000000000000000000000000000803737
00000000000000100000000000000000000000000000000000000000000000000000000000000000000000000000000000000000000000000000000000803837
00000000000000100000000000000000000000000000000000000000000000000000000000000000000000000000000000000000000000000000000000803937
00000000000000100000000000000000000000000000000000000000000000000000000000000000000000000000000000000000000000000000000000803038
00000000000000100000000000000000000000000000000000000000000000000000000000000000000000000000000000000000000000000000000000803138
00000000000000100000000000000000000000000000000000000000000000000000000000000000000000000000000000000000000000000000000000803238
00000000000000100000000000000000000000000000000000000000000000000000000000000000000000000000000000000000000000000000000000803338
00000000000000100000000000000000000000000000000000000000000000000000000000000000000000000000000000000000000000000000000000803438
00000000000000100000000000000000000000000000000000000000000000000000000000000000000000000000000000000000000000000000000000803538
00000000000000100000000000000000000000000000000000000000000000000000000000000000000000000000000000000000000000000000000000803638
00000000000000100000000000000000000000000000000000000000000000000000000000000000000000000000000000000000000000000000000000803738
00000000000000100000000000000000000000000000000000000000000000000000000000000000000000000000000000000000000000000000000000803838
00000000000000100000000000000000000000000000000000000000000000000000000000000000000000000000000000000000000000000000000000803938
00000000000000100000000000000000000000000000000000000000000000000000000000000000000000000000000000000000000000000000000000803039
00000000000000100000000000000000000000000000000000000000000000000000000000000000000000000000000000000000000000000000000000803139
00000000000000100000000000000000000000000000000000000000000000000000000000000000000000000000000000000000000000000000000000803239
00000000000000100000000000000000000000000000000000000000000000000000000000000000000000000000000000000000000000000000000000803339
00000000000000100000000000000000000000000000000000000000000000000000000000000000000000000000000000000000000000000000000000803439
00000000000000100000000000000000000000000000000000000000000000000000000000000000000000000000000000000000000000000000000000803539
00000000000000100000000000000000000000000000000000000000000000000000000000000000000000000000000000000000000000000000000000803639
00000000000000100000000000000000000000000000000000000000000000000000000000000000000000000000000000000000000000000000000000803739
00000000000000100000000000000000000000000000000000000000000000000000000000000000000000000000000000000000000000000000000000803839
00000000000000100000000000000000000000000000000000000000000000000000000000000000000000000000000000000000000000000000000000803939
